TP=226
FP=9
FN=22
Precision=0.961702
Recall=0.911290
F1=0.935818
