TP=252
FP=6
FN=20
Precision=0.976744
Recall=0.926471
F1=0.950943
