Precision: 0.868132
Recall: 0.955645
F1: 0.909789
