Precision: 0.896552
Recall: 0.955882
F1: 0.925267
