Precision: 0.907805
Recall: 0.948481
F1: 0.927467
