TP=234
FP=8
FN=16
Precision=0.966942
Recall=0.936000
F1=0.951220
