Precision: 0.8083700440528634
Recall: 0.8101545253863135
F1: 0.8092613009922822
