Precision: 0.926357
Recall: 0.956000
F1: 0.940945
