TP=230
FP=8
FN=18
Precision=0.966387
Recall=0.927419
F1=0.946502
