Precision: 0.927350
Recall: 0.939394
F1: 0.933333
