Precision: 0.920635
Recall: 0.935484
F1: 0.928000
