TP=208
FP=6
FN=23
Precision=0.971963
Recall=0.900433
F1=0.934831
