Precision: 0.9059080962800875
Recall: 0.8846153846153846
F1: 0.8951351351351351
